ans = 

       num: 5
       max: 176.8455
       min: 126.6218
      mean: 153.5781
    median: 150.4249
     range: 50.2237
       std: 18.6685

