ans = 

       num: 5
       max: 176.8455
       min: 126.6218
      mean: 153.5781
    median: 150.4249
     range: 50.2237
       std: 18.6685

cpu: Intel(R) Core(TM)2 Duo CPU     L9400  @ 1.86GHz
L2: 6 MB
mem: 4 GB


