datastats(dicesp(:))

ans = 

       num: 20
       max: 0.9283
       min: 0.7770
      mean: 0.8603
    median: 0.8573
     range: 0.1513
       std: 0.0432

>> datastats(dicespp(:))

ans = 

       num: 20
       max: 0.9590
       min: 0.8495
      mean: 0.9108
    median: 0.9002
     range: 0.1094
       std: 0.0313
